0 0.061535 0.263889 0.024306 0.016461
0 0.123650 0.275206 0.020448 0.032922
0 0.069830 0.510545 0.020833 0.021091
0 0.088156 0.501286 0.022762 0.023148
0 0.161651 0.407922 0.018519 0.021605
0 0.173611 0.423354 0.029321 0.020576
0 0.184028 0.392747 0.021605 0.016975
0 0.319830 0.325360 0.031636 0.023148
0 0.415123 0.218364 0.022377 0.026235
0 0.426312 0.188786 0.020062 0.019547
0 0.565201 0.239969 0.022377 0.029321
0 0.523727 0.389403 0.026620 0.023663
0 0.662230 0.075874 0.028164 0.023148
0 0.766397 0.096708 0.021991 0.031893
0 0.858603 0.041667 0.023534 0.022634
0 0.867284 0.119856 0.026235 0.025720
0 0.829861 0.318158 0.029321 0.034465
0 0.765625 0.264918 0.025849 0.034979
0 0.826389 0.395062 0.024691 0.025720
0 0.571373 0.540638 0.020833 0.020576
0 0.407215 0.526235 0.026620 0.031893
0 0.224730 0.563786 0.026620 0.038066
0 0.141590 0.483025 0.026235 0.040123
0 0.180363 0.553241 0.021991 0.019033
0 0.032215 0.685700 0.016590 0.039095
0 0.062500 0.757202 0.021605 0.015432
0 0.028935 0.850566 0.017747 0.020062
0 0.052083 0.853909 0.019290 0.030864
0 0.076582 0.953447 0.018904 0.047840
0 0.117284 0.907922 0.024691 0.042181
0 0.201582 0.951646 0.018904 0.025720
0 0.396605 0.984825 0.023148 0.023148
0 0.443094 0.919753 0.017361 0.025720
0 0.539352 0.831276 0.034722 0.026749
0 0.568866 0.679784 0.018133 0.022119
0 0.611497 0.670010 0.017747 0.031379
0 0.780093 0.581533 0.016204 0.043724
0 0.721065 0.821245 0.036265 0.026235
0 0.816937 0.781893 0.027392 0.020576
0 0.823495 0.727366 0.018904 0.028807
0 0.799961 0.822274 0.018904 0.026235
0 0.881944 0.811986 0.022377 0.025206
0 0.925540 0.888117 0.029321 0.033436
0 0.931327 0.859311 0.016204 0.020062
0 0.911073 0.928241 0.020448 0.035494
0 0.886188 0.327160 0.023148 0.027778
0 0.690586 0.988169 0.021605 0.018519
1 0.156829 0.112397 0.025077 0.048868
1 0.264660 0.108282 0.023920 0.029321
1 0.288194 0.155607 0.028549 0.037551
1 0.359954 0.213992 0.016975 0.031893
1 0.420718 0.112140 0.016590 0.033951
1 0.457369 0.047325 0.016590 0.031893
1 0.419560 0.161265 0.022762 0.020062
1 0.466435 0.311986 0.020062 0.028292
1 0.373264 0.405093 0.018904 0.021091
1 0.370563 0.555298 0.025849 0.039609
1 0.427855 0.656379 0.021605 0.020576
1 0.391590 0.665123 0.024691 0.022634
1 0.348573 0.627315 0.025077 0.026235
1 0.317323 0.594136 0.019676 0.025720
1 0.126350 0.574846 0.018133 0.024177
1 0.138889 0.546811 0.009259 0.016461
1 0.150077 0.566358 0.011574 0.019547
1 0.181327 0.524949 0.016204 0.025206
1 0.017940 0.319702 0.016590 0.023148
1 0.020640 0.790381 0.028935 0.040638
1 0.074653 0.852366 0.025077 0.019547
1 0.042245 0.871656 0.018133 0.022119
1 0.164352 0.890432 0.020062 0.030864
1 0.258873 0.842078 0.016204 0.025720
1 0.255015 0.899434 0.031636 0.027263
1 0.356289 0.878086 0.019676 0.036008
1 0.383873 0.862912 0.019290 0.026235
1 0.438272 0.824331 0.021605 0.036523
1 0.478781 0.949074 0.000000 0.000000
1 0.479938 0.965278 0.020833 0.040638
1 0.427855 0.925926 0.015432 0.014403
1 0.405864 0.743313 0.019290 0.027778
1 0.641590 0.559414 0.016975 0.033436
1 0.684414 0.541667 0.021605 0.025720
1 0.689236 0.613940 0.019676 0.044753
1 0.748457 0.649434 0.018519 0.021091
1 0.733989 0.624486 0.014275 0.022634
1 0.791474 0.453447 0.026620 0.022119
1 0.831790 0.438786 0.023148 0.030864
1 0.962384 0.433385 0.015818 0.030350
1 0.951775 0.170267 0.016204 0.041152
1 0.836420 0.130401 0.016204 0.033436
1 0.813272 0.092593 0.019290 0.017490
1 0.798418 0.121914 0.024306 0.026749
1 0.802469 0.012860 0.016975 0.020576
1 0.679398 0.130658 0.014660 0.027778
1 0.647377 0.093879 0.017747 0.019033
1 0.630208 0.038837 0.019676 0.020062
1 0.533179 0.334877 0.023148 0.023663
1 0.736690 0.857253 0.027392 0.030350
1 0.836227 0.804270 0.021219 0.019033
1 0.956597 0.688272 0.023534 0.033951
1 0.985147 0.854938 0.015818 0.025720
1 0.886960 0.946245 0.020833 0.025206
1 0.770255 0.972479 0.016590 0.022119
1 0.714892 0.648663 0.016204 0.036008
1 0.911844 0.704218 0.013503 0.028807
1 0.388117 0.380658 0.010031 0.015432
1 0.557099 0.379630 0.013117 0.018519