0 0.109375 0.068673 0.020448 0.036523
0 0.325231 0.034722 0.019290 0.039609
0 0.394483 0.146348 0.021991 0.029321
0 0.288387 0.211420 0.021991 0.028807
0 0.310764 0.206019 0.020448 0.023148
0 0.351466 0.216307 0.019290 0.016975
0 0.454282 0.244342 0.016590 0.029835
0 0.649498 0.237140 0.026620 0.031893
0 0.746528 0.201646 0.022377 0.017490
0 0.673997 0.313272 0.014660 0.032922
0 0.832176 0.273405 0.016975 0.044753
0 0.841821 0.290381 0.003086 0.006687
0 0.891204 0.234053 0.018519 0.029835
0 0.878472 0.359053 0.020833 0.027778
0 0.740934 0.410751 0.016590 0.024177
0 0.825424 0.461934 0.021991 0.031893
0 0.539545 0.446245 0.017361 0.013889
0 0.527778 0.481481 0.027006 0.031893
0 0.419560 0.400977 0.020448 0.021091
0 0.254244 0.431070 0.027006 0.025720
0 0.148148 0.503601 0.022377 0.028807
0 0.086613 0.534208 0.021219 0.038580
0 0.090278 0.653292 0.014660 0.048354
0 0.175347 0.621656 0.025849 0.018004
0 0.232639 0.604681 0.014660 0.025206
0 0.269483 0.576389 0.022762 0.037551
0 0.298997 0.592078 0.015432 0.025720
0 0.334491 0.560957 0.013889 0.021091
0 0.387924 0.621399 0.018904 0.021605
0 0.385995 0.569444 0.015818 0.031893
0 0.465278 0.563272 0.019290 0.041152
0 0.010224 0.782150 0.011960 0.049897
0 0.123457 0.863426 0.020833 0.029321
0 0.188272 0.736368 0.015432 0.033436
0 0.244985 0.840278 0.014660 0.030350
0 0.269676 0.839506 0.022377 0.019547
0 0.210262 0.952675 0.010802 0.024691
0 0.233989 0.958333 0.019676 0.023663
0 0.304012 0.911523 0.023148 0.045267
0 0.396026 0.801955 0.026620 0.020576
0 0.441358 0.835134 0.015432 0.030350
0 0.429591 0.936214 0.023534 0.015432
0 0.444059 0.946759 0.000772 0.001543
0 0.467400 0.881430 0.020448 0.016975
0 0.524691 0.735854 0.017747 0.023148
0 0.593171 0.663066 0.018904 0.021605
0 0.582562 0.798868 0.029321 0.022634
0 0.621914 0.775463 0.022377 0.031379
0 0.685185 0.884002 0.026235 0.033436
0 0.732832 0.712706 0.022762 0.023148
0 0.768133 0.805813 0.016975 0.031379
0 0.830633 0.824074 0.025463 0.042181
0 0.880401 0.646605 0.027006 0.022634
0 0.928819 0.685185 0.022762 0.024691
0 0.808835 0.914609 0.015818 0.029835
0 0.930556 0.950360 0.023148 0.021091
1 0.207562 0.175669 0.023920 0.024177
1 0.045332 0.195216 0.021991 0.022119
1 0.077353 0.249486 0.028164 0.020576
1 0.073881 0.677212 0.021991 0.024177
1 0.045139 0.760031 0.016975 0.038580
1 0.101273 0.778035 0.029707 0.026235
1 0.125193 0.686471 0.026620 0.018004
1 0.217207 0.652006 0.027006 0.019033
1 0.339699 0.511317 0.013503 0.023663
1 0.347608 0.490998 0.013117 0.026235
1 0.408179 0.493313 0.022377 0.030864
1 0.418596 0.519033 0.021605 0.018519
1 0.364969 0.544753 0.018519 0.027778
1 0.369406 0.795010 0.021219 0.036523
1 0.273534 0.817644 0.023920 0.021091
1 0.258488 0.957562 0.016204 0.023148
1 0.542245 0.784722 0.030478 0.019033
1 0.525849 0.871142 0.028549 0.030350
1 0.643519 0.945473 0.011574 0.039095
1 0.753665 0.896091 0.019676 0.026749
1 0.984568 0.868827 0.013889 0.033951
1 0.873843 0.786523 0.021605 0.027778
1 0.884452 0.742284 0.025077 0.021605
1 0.804012 0.775206 0.020833 0.023663
1 0.795139 0.598251 0.024691 0.024691
1 0.915123 0.516461 0.014660 0.028807
1 0.607253 0.707562 0.029321 0.031379
1 0.642168 0.725309 0.030478 0.039095
1 0.573302 0.479424 0.025463 0.019547
1 0.627701 0.288580 0.016204 0.022634
1 0.644483 0.291152 0.011960 0.030864
1 0.695409 0.262088 0.027392 0.031379
1 0.796103 0.195216 0.016590 0.031379
1 0.751929 0.095936 0.025463 0.024177
1 0.568094 0.078961 0.020448 0.031379
1 0.567323 0.028549 0.031250 0.018004
1 0.378858 0.014146 0.026235 0.016975
1 0.410108 0.290123 0.029321 0.024691
1 0.380208 0.653035 0.018133 0.021091
1 0.280285 0.623971 0.015818 0.026749
1 0.377701 0.507973 0.022377 0.031379
1 0.838156 0.945730 0.017361 0.034465
0 0.673611 0.960905 0.021605 0.044239
0 0.973380 0.032150 0.030864 0.023148
1 0.047261 0.581790 0.014275 0.020576