0 0.097994 0.073045 0.016975 0.028807
0 0.159529 0.129115 0.022762 0.040123
0 0.223765 0.197788 0.023148 0.037551
0 0.247492 0.171296 0.021219 0.021605
0 0.321181 0.234053 0.021991 0.041152
0 0.334298 0.153292 0.028164 0.020576
0 0.374807 0.083076 0.014275 0.024177
0 0.394290 0.085905 0.013889 0.028807
0 0.442515 0.023920 0.017747 0.030350
0 0.490741 0.086677 0.011574 0.044753
0 0.418403 0.145833 0.018904 0.042695
0 0.429977 0.266975 0.020448 0.050412
0 0.522762 0.370370 0.029321 0.023663
0 0.549383 0.484311 0.017747 0.033436
0 0.504244 0.731739 0.022377 0.023148
0 0.493056 0.775977 0.024691 0.018004
0 0.427469 0.777263 0.032407 0.022634
0 0.440586 0.733025 0.014660 0.048354
0 0.367670 0.765432 0.037037 0.057613
0 0.451196 0.879372 0.035108 0.071502
0 0.555363 0.969393 0.025849 0.023148
0 0.392554 0.962706 0.018133 0.014918
0 0.305556 0.931842 0.033179 0.020062
0 0.233796 0.868570 0.030864 0.022119
0 0.193866 0.746142 0.027392 0.022119
0 0.234954 0.708591 0.022377 0.022119
0 0.262539 0.590792 0.030478 0.000514
0 0.269483 0.524177 0.019676 0.043210
0 0.265432 0.599794 0.026235 0.027778
0 0.165702 0.513374 0.020448 0.016461
0 0.119985 0.301440 0.023148 0.018519
0 0.092978 0.941101 0.021605 0.036523
0 0.034144 0.910751 0.015046 0.040638
0 0.670718 0.656379 0.028164 0.021605
0 0.746721 0.713735 0.028164 0.027263
0 0.785494 0.602109 0.024691 0.019033
0 0.783565 0.544496 0.020833 0.042695
0 0.771605 0.424126 0.026235 0.024177
0 0.852045 0.347737 0.026620 0.070988
0 0.864198 0.478138 0.014660 0.024177
0 0.879051 0.486111 0.018904 0.021605
0 0.846836 0.492798 0.015432 0.024691
0 0.912230 0.158436 0.020448 0.018519
0 0.934028 0.145062 0.013889 0.025720
0 0.713349 0.211163 0.016204 0.029321
0 0.699653 0.190072 0.017361 0.027263
0 0.626929 0.154578 0.014660 0.025206
0 0.668981 0.063786 0.030864 0.019547
0 0.731481 0.044239 0.026235 0.026749
0 0.616127 0.291152 0.017747 0.033951
0 0.630594 0.258488 0.012731 0.038580
0 0.672647 0.255658 0.026620 0.029835
0 0.949846 0.663580 0.019290 0.010288
0 0.944830 0.678755 0.023148 0.022119
0 0.793981 0.918467 0.020833 0.014918
1 0.176119 0.539352 0.021219 0.028292
1 0.216049 0.560957 0.025463 0.057099
1 0.284144 0.662809 0.017361 0.016975
1 0.323495 0.581019 0.019676 0.023148
1 0.296103 0.508745 0.018904 0.027778
1 0.367863 0.412037 0.037423 0.053498
1 0.437886 0.528292 0.026235 0.024691
1 0.384452 0.631687 0.027392 0.033951
1 0.354938 0.707562 0.020062 0.035494
1 0.332369 0.808642 0.028935 0.041152
1 0.375193 0.875257 0.020448 0.020062
1 0.361304 0.964506 0.018904 0.031893
1 0.362076 0.976852 0.011960 0.004115
1 0.054591 0.767747 0.008102 0.007716
1 0.054784 0.772119 0.021605 0.036008
1 0.165316 0.719136 0.024306 0.016461
1 0.065779 0.657150 0.028935 0.024177
1 0.061535 0.969907 0.020448 0.019033
1 0.525656 0.803241 0.020448 0.027263
1 0.596836 0.655864 0.012346 0.030864
1 0.581404 0.629887 0.013889 0.032407
1 0.596836 0.607767 0.016204 0.026235
1 0.519676 0.651235 0.014660 0.026749
1 0.519097 0.691358 0.017361 0.013374
1 0.478781 0.711677 0.022377 0.018004
1 0.578125 0.491770 0.008102 0.028807
1 0.817323 0.521605 0.014275 0.023663
1 0.836420 0.524177 0.015432 0.015432
1 0.831983 0.511317 0.009645 0.011317
1 0.829861 0.474794 0.013889 0.012346
1 0.825231 0.449331 0.013889 0.015947
1 0.824846 0.438272 0.025463 0.024691
1 0.850309 0.445216 0.020833 0.019033
1 0.845293 0.461163 0.009259 0.012860
1 0.795139 0.452160 0.018519 0.022634
1 0.776427 0.391718 0.017361 0.023148
1 0.809028 0.355967 0.023920 0.021605
1 0.902778 0.260031 0.008488 0.003601
1 0.940972 0.248971 0.016975 0.015432
1 0.942901 0.211163 0.019290 0.022119
1 0.785108 0.184671 0.013117 0.015432
1 0.712770 0.116770 0.028164 0.019547
1 0.637731 0.048611 0.010031 0.028292
1 0.581211 0.056584 0.010417 0.024691
1 0.550154 0.090792 0.016975 0.021091
1 0.555556 0.034465 0.023920 0.017490
1 0.586034 0.304784 0.013117 0.035494
1 0.502122 0.313272 0.013503 0.025720
1 0.296875 0.302469 0.011960 0.022634
1 0.273534 0.316615 0.024691 0.057099
1 0.640625 0.297325 0.012731 0.022634
1 0.674769 0.297840 0.027006 0.022634
1 0.975694 0.319959 0.023148 0.026749
1 0.463735 0.040123 0.018519 0.013374
1 0.488426 0.025720 0.022377 0.015432
1 0.421875 0.034465 0.008102 0.013374
1 0.409144 0.021348 0.013503 0.028292
1 0.355517 0.016204 0.022762 0.026235
1 0.415316 0.198817 0.022762 0.027263
0 0.609568 0.384259 0.019290 0.046296
0 0.819059 0.108539 0.005401 0.026749
0 0.883295 0.100309 0.020448 0.024691
0 0.927855 0.011317 0.030864 0.016461