0 0.139660 0.332819 0.028549 0.018519
0 0.224537 0.239712 0.033179 0.021605
0 0.294946 0.322788 0.037423 0.026235
0 0.344136 0.150720 0.018519 0.030864
0 0.409529 0.037294 0.029707 0.035494
0 0.445602 0.135031 0.029321 0.023148
0 0.502701 0.078704 0.027006 0.042181
0 0.394869 0.309928 0.022762 0.018004
0 0.385224 0.332305 0.021219 0.022634
0 0.280864 0.465278 0.032407 0.022119
0 0.265046 0.529835 0.018519 0.028807
0 0.241127 0.589763 0.031636 0.042695
0 0.306906 0.644547 0.030478 0.024691
0 0.296103 0.659722 0.037423 0.041667
0 0.354360 0.695730 0.027392 0.016975
0 0.410880 0.577675 0.021605 0.020576
0 0.234375 0.730195 0.011188 0.014918
0 0.211806 0.717593 0.009259 0.030864
0 0.127894 0.754887 0.015046 0.051955
0 0.096836 0.963220 0.016204 0.030350
0 0.086227 0.940586 0.016590 0.019033
0 0.114005 0.975566 0.020448 0.018004
0 0.034722 0.976595 0.015432 0.020062
0 0.645640 0.512088 0.015818 0.035494
0 0.661844 0.511831 0.023534 0.043210
0 0.708719 0.552726 0.020833 0.032407
0 0.796489 0.453189 0.023534 0.020576
0 0.839506 0.414609 0.017747 0.032922
0 0.807099 0.338477 0.016204 0.033951
0 0.766782 0.380401 0.011960 0.036523
0 0.652778 0.237140 0.021605 0.024691
0 0.654321 0.373457 0.011574 0.038066
0 0.595486 0.345679 0.010417 0.027778
0 0.596836 0.295010 0.020062 0.022119
0 0.545525 0.321759 0.022377 0.023148
0 0.495177 0.486111 0.033565 0.023663
0 0.497878 0.530864 0.015818 0.029835
0 0.768711 0.217078 0.021991 0.029835
0 0.826968 0.144033 0.016590 0.047325
0 0.760417 0.105453 0.033951 0.048354
0 0.979167 0.229681 0.015432 0.016975
0 0.959491 0.432099 0.012346 0.032922
0 0.956597 0.468879 0.016590 0.025206
0 0.983603 0.539095 0.012731 0.023663
0 0.915316 0.668467 0.026620 0.022119
0 0.942708 0.595679 0.016590 0.015432
0 0.907407 0.971965 0.024691 0.025206
0 0.992670 0.864198 0.006944 0.018519
0 0.867284 0.914609 0.025463 0.023663
0 0.755787 0.846193 0.016204 0.040123
0 0.812886 0.805556 0.027778 0.014403
0 0.601659 0.880658 0.021219 0.016461
0 0.704668 0.797582 0.018904 0.011831
1 0.104167 0.045525 0.016204 0.020062
1 0.151427 0.013117 0.018904 0.010802
1 0.162423 0.160494 0.018519 0.032922
1 0.249228 0.085905 0.021605 0.023663
1 0.264660 0.075617 0.013889 0.019547
1 0.252122 0.305041 0.011188 0.080247
1 0.325039 0.043210 0.024306 0.021605
1 0.226852 0.338735 0.015432 0.016975
1 0.189043 0.506944 0.016204 0.022119
1 0.108796 0.520062 0.021605 0.031893
1 0.050733 0.457562 0.018904 0.015947
1 0.021412 0.478138 0.025849 0.030350
1 0.037616 0.758488 0.015818 0.033436
1 0.042438 0.804270 0.010802 0.028292
1 0.065008 0.860597 0.027392 0.031893
1 0.120370 0.876800 0.015432 0.037551
1 0.137346 0.922325 0.025463 0.023663
1 0.259645 0.856996 0.020062 0.016461
1 0.303434 0.795525 0.018133 0.011831
1 0.240934 0.700360 0.007330 0.012860
1 0.210262 0.674640 0.012346 0.014918
1 0.220486 0.664095 0.019676 0.013374
1 0.191358 0.582819 0.020833 0.021605
1 0.260995 0.500257 0.038194 0.027263
1 0.343557 0.533179 0.023534 0.021091
1 0.344522 0.490226 0.024691 0.021605
1 0.521412 0.755401 0.026620 0.021091
1 0.480710 0.952675 0.023920 0.022634
1 0.576196 0.958591 0.027392 0.022119
1 0.668789 0.786523 0.014275 0.027778
1 0.751543 0.747942 0.012346 0.015432
1 0.745563 0.708848 0.012731 0.017490
1 0.840471 0.609825 0.016590 0.022119
1 0.830633 0.591564 0.025463 0.028807
1 0.897955 0.536523 0.035108 0.038066
1 0.971258 0.590278 0.025849 0.037551
1 0.989776 0.811214 0.015046 0.021605
1 0.903164 0.926440 0.001543 0.009259
1 0.904514 0.939300 0.017361 0.015432
1 0.845679 0.836420 0.015432 0.015432
1 0.814429 0.860854 0.011574 0.021091
1 0.794946 0.833076 0.021219 0.020062
1 0.789352 0.348251 0.011574 0.025720
1 0.735147 0.366512 0.029707 0.026235
1 0.748264 0.230967 0.020448 0.019547
1 0.615934 0.218879 0.021991 0.018004
1 0.558835 0.288837 0.020448 0.003601
1 0.564622 0.307099 0.016590 0.016461
1 0.581404 0.327418 0.016204 0.022119
1 0.567708 0.346708 0.025849 0.018519
1 0.449460 0.431842 0.017747 0.020062
1 0.472801 0.432356 0.017361 0.029321
1 0.499421 0.211163 0.017361 0.025206
1 0.463927 0.194702 0.018904 0.019033
1 0.456983 0.257459 0.024306 0.030350
1 0.595679 0.080247 0.019290 0.021605
1 0.858796 0.046039 0.017747 0.027263