0 0.034915 0.155093 0.014275 0.032407
0 0.018326 0.300154 0.025849 0.021091
0 0.377508 0.166924 0.025077 0.022119
0 0.304398 0.168981 0.032407 0.027263
0 0.339120 0.093879 0.046296 0.034465
0 0.455440 0.374486 0.021219 0.034979
0 0.494792 0.261317 0.014275 0.033951
0 0.402199 0.251029 0.025077 0.031893
0 0.583719 0.163066 0.027778 0.022634
0 0.743248 0.276749 0.016590 0.023663
0 0.789545 0.169239 0.019676 0.020576
0 0.821373 0.188786 0.026235 0.021605
0 0.842978 0.099794 0.022377 0.056584
0 0.903356 0.274949 0.021991 0.040638
0 0.769676 0.465278 0.037809 0.034465
0 0.907986 0.556584 0.016590 0.029835
0 0.895255 0.668467 0.014275 0.045782
0 0.868634 0.731996 0.016590 0.038066
0 0.818287 0.723765 0.024691 0.044239
0 0.863233 0.793724 0.034336 0.034979
0 0.889468 0.872685 0.021219 0.037551
0 0.976852 0.852366 0.020062 0.025720
0 0.700231 0.952675 0.016975 0.023663
0 0.672068 0.795267 0.016975 0.024691
0 0.596836 0.450103 0.020833 0.026749
0 0.236497 0.520062 0.022377 0.027778
0 0.255208 0.478909 0.023534 0.025720
0 0.178819 0.738940 0.018133 0.020062
0 0.160108 0.751286 0.028549 0.037551
0 0.210455 0.742798 0.019676 0.024691
1 0.035687 0.188529 0.021219 0.015947
1 0.053434 0.137603 0.018133 0.020062
1 0.135802 0.031121 0.027006 0.025206
1 0.133488 0.156636 0.023920 0.018004
1 0.149884 0.181584 0.017361 0.013374
1 0.200617 0.170267 0.019290 0.029835
1 0.222222 0.103652 0.020062 0.051955
1 0.180363 0.220165 0.021219 0.029835
1 0.209684 0.306584 0.028164 0.040123
1 0.080247 0.305041 0.013889 0.015432
1 0.063465 0.326903 0.015818 0.035494
1 0.008295 0.526235 0.010417 0.019547
1 0.094907 0.458333 0.028549 0.023663
1 0.041281 0.609053 0.024691 0.018519
1 0.008102 0.569959 0.011574 0.023663
1 0.013889 0.630916 0.020062 0.042695
1 0.024884 0.803241 0.020448 0.059156
1 0.082176 0.924897 0.015432 0.030864
1 0.117284 0.894033 0.026235 0.037037
1 0.334491 0.929012 0.022377 0.010288
1 0.360725 0.836934 0.027006 0.036008
1 0.430556 0.959619 0.024691 0.022119
1 0.438465 0.820730 0.025077 0.024177
1 0.545525 0.711934 0.020833 0.018519
1 0.544560 0.599794 0.038966 0.041152
1 0.651620 0.786265 0.013117 0.018004
1 0.767940 0.658179 0.013503 0.021091
1 0.765046 0.640175 0.023920 0.016975
1 0.800733 0.638117 0.040509 0.045782
1 0.834491 0.878086 0.034722 0.015432
1 0.904321 0.760288 0.028549 0.018519
1 0.931520 0.738169 0.015818 0.022634
1 0.916474 0.725309 0.014275 0.023663
1 0.924961 0.652006 0.021991 0.030350
1 0.949653 0.653292 0.014275 0.018519
1 0.948881 0.604424 0.020448 0.017490
1 0.856867 0.352366 0.017747 0.027778
1 0.737076 0.399691 0.011960 0.014403
1 0.712770 0.384516 0.014275 0.025206
1 0.676890 0.260545 0.018133 0.015947
1 0.545332 0.356481 0.019676 0.018519
1 0.541088 0.262860 0.017361 0.038066
1 0.786073 0.186728 0.018904 0.014403
1 0.768519 0.059671 0.020833 0.024691
1 0.434414 0.221451 0.015432 0.023148
1 0.337384 0.444702 0.018133 0.025206
1 0.263696 0.536265 0.010417 0.007716
1 0.266011 0.539352 0.017361 0.021091
1 0.194830 0.566101 0.020833 0.018004
1 0.215856 0.701389 0.011960 0.020062
1 0.364776 0.942644 0.018133 0.016975
1 0.263696 0.335134 0.011188 0.012860
1 0.272184 0.157150 0.028164 0.021091
1 0.447531 0.020062 0.023920 0.022634
1 0.757716 0.521605 0.016975 0.024691
1 0.966242 0.451903 0.013503 0.039609
0 0.415895 0.979938 0.029321 0.016461