0 0.013310 0.804270 0.013503 0.031379
0 0.023727 0.804527 0.012731 0.030864
0 0.081790 0.688529 0.044753 0.038580
0 0.230517 0.647634 0.018904 0.026749
0 0.321373 0.561214 0.027778 0.021605
0 0.322338 0.648148 0.018133 0.018519
0 0.221065 0.836163 0.032407 0.033436
0 0.131366 0.896862 0.033565 0.047840
0 0.333140 0.983282 0.025077 0.013889
0 0.452353 0.815329 0.024306 0.015432
0 0.500579 0.685185 0.024306 0.016461
0 0.615741 0.694959 0.028549 0.033951
0 0.542245 0.898148 0.014275 0.030864
0 0.615355 0.968364 0.035494 0.028292
0 0.682485 0.996656 0.000000 0.000514
0 0.759452 0.831790 0.015046 0.030864
0 0.822338 0.761831 0.010417 0.042181
0 0.814236 0.917953 0.028164 0.010802
0 0.821373 0.963992 0.023920 0.032922
0 0.898727 0.599280 0.011960 0.020576
0 0.828125 0.510031 0.020448 0.037551
0 0.895448 0.488683 0.030864 0.028807
0 0.801698 0.383488 0.019290 0.029321
0 0.804977 0.414866 0.023534 0.028292
0 0.926312 0.299640 0.025463 0.023148
0 0.971258 0.298354 0.018133 0.025720
0 0.978395 0.347479 0.012346 0.032407
0 0.988040 0.282922 0.013889 0.026749
0 0.969136 0.268519 0.021605 0.014403
0 0.971836 0.222737 0.022377 0.023663
0 0.807677 0.116255 0.013503 0.032922
0 0.715278 0.033436 0.018519 0.016461
0 0.755208 0.013374 0.013503 0.020576
0 0.680748 0.142747 0.022762 0.025206
0 0.643133 0.085391 0.024691 0.020576
0 0.575039 0.121656 0.018133 0.015947
0 0.556520 0.120370 0.021219 0.020576
0 0.499228 0.101852 0.020833 0.020576
0 0.636381 0.410237 0.015046 0.014918
0 0.644290 0.429012 0.023920 0.014403
0 0.707562 0.333591 0.027778 0.009774
0 0.573688 0.293724 0.013889 0.014403
0 0.412616 0.363683 0.017361 0.014403
0 0.371914 0.334877 0.013117 0.016461
0 0.359375 0.289095 0.016590 0.015432
0 0.380787 0.298097 0.030093 0.019033
0 0.355517 0.093879 0.018133 0.031379
0 0.282407 0.110597 0.014660 0.012346
0 0.263889 0.106996 0.033951 0.031893
0 0.292245 0.019547 0.020448 0.029835
0 0.101659 0.356224 0.025077 0.033436
1 0.031829 0.123971 0.020448 0.019547
1 0.215278 0.208591 0.020833 0.028292
1 0.161458 0.255144 0.022762 0.022634
1 0.020833 0.311986 0.012346 0.019033
1 0.015046 0.284465 0.020833 0.023663
1 0.100694 0.403035 0.025463 0.022119
1 0.078704 0.441872 0.024691 0.033951
1 0.076196 0.509516 0.020448 0.023148
1 0.099537 0.559156 0.018519 0.029835
1 0.026042 0.527521 0.023534 0.023148
1 0.021412 0.490484 0.022762 0.047840
1 0.016782 0.662809 0.021991 0.036523
1 0.050154 0.744599 0.028549 0.057099
1 0.086227 0.733025 0.000386 0.002058
1 0.094715 0.755144 0.026620 0.031893
1 0.128279 0.957819 0.030478 0.032922
1 0.261188 0.926440 0.023148 0.029835
1 0.342400 0.782407 0.017361 0.008230
1 0.359375 0.687500 0.016590 0.019033
1 0.340856 0.711163 0.019676 0.021091
1 0.262924 0.609568 0.026620 0.045267
1 0.432099 0.593364 0.015432 0.016975
1 0.403935 0.735082 0.021605 0.030864
1 0.404128 0.981996 0.020448 0.016461
1 0.605131 0.903807 0.015046 0.012346
1 0.614969 0.931584 0.018519 0.022634
1 0.608218 0.907407 0.016590 0.019547
1 0.494599 0.574846 0.014660 0.035494
1 0.613619 0.544496 0.021219 0.022119
1 0.646605 0.500514 0.023920 0.029835
1 0.639660 0.358539 0.029321 0.032922
1 0.781250 0.289609 0.020833 0.025720
1 0.767747 0.436728 0.013889 0.023663
1 0.767554 0.547068 0.021219 0.048868
1 0.797261 0.611368 0.020448 0.063272
1 0.800154 0.739455 0.017747 0.032407
1 0.691358 0.806327 0.013117 0.019033
1 0.865162 0.908693 0.015818 0.029321
1 0.918017 0.584619 0.015818 0.029321
1 0.884838 0.324588 0.016590 0.022634
1 0.826196 0.392490 0.021219 0.026749
1 0.631944 0.143519 0.010802 0.012346
1 0.608218 0.139918 0.022762 0.014403
1 0.606481 0.149949 0.027778 0.020062
1 0.618248 0.120628 0.024306 0.025206
1 0.412037 0.298868 0.015432 0.027778
1 0.269097 0.250772 0.022762 0.015947
1 0.318866 0.091307 0.018133 0.021091
1 0.255980 0.061471 0.024306 0.022119
1 0.731867 0.069187 0.020833 0.037551
1 0.947917 0.105453 0.018519 0.022634