0 0.016011 0.216307 0.019676 0.048868
0 0.155285 0.096451 0.022762 0.045782
0 0.199267 0.269805 0.033565 0.040638
0 0.204090 0.329733 0.022377 0.039095
0 0.239583 0.382716 0.027006 0.024691
0 0.261574 0.385802 0.014660 0.029835
0 0.303048 0.345936 0.023534 0.021091
0 0.430941 0.223765 0.036265 0.023663
0 0.584684 0.049383 0.018904 0.034979
0 0.559799 0.263889 0.018519 0.050412
0 0.583333 0.327932 0.016975 0.030350
0 0.610340 0.405093 0.021605 0.032407
0 0.568094 0.423611 0.019676 0.042695
0 0.675154 0.298097 0.021605 0.040638
0 0.861690 0.342335 0.023534 0.049897
0 0.829282 0.247685 0.017361 0.023148
0 0.871914 0.234825 0.022377 0.039609
0 0.817901 0.493827 0.023920 0.019547
0 0.839313 0.646605 0.019676 0.026749
0 0.478974 0.699331 0.035108 0.026235
0 0.391204 0.487140 0.020062 0.036008
0 0.347222 0.424640 0.015432 0.036523
0 0.278742 0.602623 0.028935 0.025206
0 0.198881 0.651749 0.028935 0.029835
0 0.044174 0.855967 0.018904 0.037037
0 0.188850 0.816101 0.029707 0.025206
0 0.695023 0.852366 0.031250 0.041152
0 0.688657 0.958591 0.015432 0.038580
0 0.801505 0.742541 0.025077 0.029321
0 0.782022 0.688014 0.014660 0.029321
0 0.925540 0.935442 0.023148 0.030350
0 0.928819 0.963735 0.035880 0.025206
0 0.488619 0.929527 0.023534 0.030864
1 0.100116 0.422840 0.022762 0.036008
1 0.120370 0.605195 0.023148 0.046811
1 0.011574 0.656121 0.016204 0.036523
1 0.027971 0.745885 0.019676 0.033951
1 0.177855 0.776235 0.021605 0.033951
1 0.189236 0.713477 0.034336 0.031893
1 0.141397 0.793467 0.026620 0.028292
1 0.336998 0.849280 0.021991 0.024691
1 0.465471 0.899434 0.011188 0.026235
1 0.480710 0.897377 0.013889 0.025206
1 0.498071 0.809671 0.022377 0.027778
1 0.485532 0.784722 0.024306 0.019033
1 0.373843 0.719907 0.013117 0.030350
1 0.380401 0.691872 0.020833 0.015432
1 0.384838 0.536008 0.015818 0.033951
1 0.267747 0.567130 0.023920 0.026235
1 0.231481 0.590792 0.028549 0.029321
1 0.272377 0.411265 0.013117 0.040638
1 0.391590 0.350566 0.020062 0.025206
1 0.338349 0.193158 0.027778 0.030350
1 0.472222 0.087449 0.033179 0.025720
1 0.545139 0.031121 0.015432 0.025206
1 0.727045 0.134774 0.016590 0.017490
1 0.751157 0.088992 0.017747 0.029835
1 0.853009 0.156121 0.023148 0.020062
1 0.945795 0.070988 0.016590 0.037037
1 0.984954 0.277521 0.017747 0.028292
1 0.931713 0.457562 0.023148 0.025206
1 0.900656 0.436986 0.019676 0.024177
1 0.929784 0.366770 0.019290 0.032922
1 0.945795 0.339763 0.015818 0.025206
1 0.730324 0.429527 0.034722 0.050412
1 0.784144 0.508745 0.026620 0.027778
1 0.760031 0.604681 0.017747 0.045782
1 0.724923 0.700874 0.022377 0.029321
1 0.849344 0.724280 0.012731 0.022634
1 0.838735 0.681070 0.023148 0.034979
1 0.903164 0.934671 0.013889 0.041152
1 0.992477 0.873200 0.014275 0.040638
1 0.878858 0.622428 0.019290 0.032922
1 0.695409 0.787037 0.022762 0.043210
1 0.605710 0.601595 0.020062 0.035494
1 0.595679 0.453189 0.018519 0.033951
1 0.669174 0.497942 0.010417 0.019547
1 0.673418 0.443930 0.018904 0.029835
1 0.673611 0.402778 0.016204 0.027778
1 0.687886 0.396862 0.013889 0.019033
1 0.778164 0.231739 0.022377 0.035494
1 0.655478 0.285494 0.013117 0.032922
1 0.771605 0.334105 0.024691 0.041667
1 0.501929 0.290123 0.023148 0.037037
1 0.461998 0.331790 0.021991 0.040123
1 0.490548 0.381430 0.024306 0.032407
1 0.547647 0.448817 0.018133 0.026235
1 0.456211 0.471451 0.014275 0.027263
1 0.496335 0.740484 0.029707 0.029321
1 0.377701 0.920267 0.014660 0.020576
1 0.318866 0.322788 0.020448 0.027263
0 0.397377 0.707305 0.019290 0.044239
0 0.867863 0.961934 0.026620 0.020576
0 0.979552 0.453447 0.018519 0.031379