0 0.166474 0.051183 0.023534 0.046811
0 0.226080 0.095936 0.028549 0.034465
0 0.322338 0.083848 0.010417 0.031893
0 0.335841 0.091049 0.011960 0.022634
0 0.372106 0.126800 0.019676 0.044753
0 0.376929 0.235854 0.023148 0.030350
0 0.273920 0.201132 0.026235 0.018519
0 0.178048 0.318158 0.030478 0.024177
0 0.036651 0.166152 0.025463 0.033951
0 0.032600 0.336677 0.017361 0.046811
0 0.006944 0.388889 0.006944 0.033951
0 0.062693 0.384002 0.038966 0.026235
0 0.153549 0.536780 0.032407 0.027263
0 0.205826 0.529578 0.025077 0.009774
0 0.256752 0.520833 0.027392 0.044753
0 0.212770 0.576646 0.024306 0.023663
0 0.019097 0.746399 0.029707 0.024691
0 0.014082 0.877829 0.018904 0.016975
0 0.069059 0.893004 0.028549 0.018519
0 0.227045 0.788837 0.025077 0.034465
0 0.261960 0.819702 0.018519 0.040638
0 0.181520 0.952932 0.031250 0.028292
0 0.347608 0.859825 0.017747 0.036523
0 0.382330 0.838220 0.019290 0.038580
0 0.443480 0.856224 0.015818 0.030350
0 0.482639 0.642233 0.026235 0.031379
0 0.360725 0.369342 0.015432 0.029835
0 0.369213 0.386831 0.000000 0.000000
0 0.397184 0.334877 0.011188 0.038066
0 0.440201 0.325103 0.033951 0.028807
0 0.426119 0.243827 0.019676 0.030864
0 0.545525 0.140432 0.020062 0.042181
0 0.712963 0.013632 0.041667 0.021091
0 0.772184 0.260545 0.022762 0.025206
0 0.763503 0.297325 0.028549 0.036008
0 0.699074 0.327932 0.011574 0.037551
0 0.720293 0.354424 0.022377 0.049383
0 0.671875 0.509259 0.013503 0.036008
0 0.663580 0.530350 0.030864 0.011317
0 0.689815 0.539095 0.020062 0.031893
0 0.578318 0.462706 0.017747 0.029321
0 0.450617 0.418467 0.020062 0.013889
0 0.727623 0.669239 0.016204 0.029835
0 0.745370 0.673097 0.018519 0.047840
0 0.714892 0.822274 0.027006 0.015947
0 0.723380 0.839249 0.033951 0.008745
0 0.649691 0.915381 0.033951 0.021091
0 0.917438 0.665638 0.017747 0.033951
0 0.815394 0.471965 0.013503 0.028292
0 0.841628 0.481224 0.016590 0.032407
0 0.890432 0.405093 0.018519 0.030350
0 0.871528 0.358025 0.027006 0.028807
0 0.967978 0.380401 0.017747 0.031379
0 0.939043 0.263889 0.020062 0.049383
0 0.977623 0.156379 0.014660 0.036008
0 0.930941 0.129372 0.016975 0.032407
0 0.883102 0.158951 0.016975 0.020576
0 0.986690 0.058128 0.021991 0.023663
1 0.021412 0.259002 0.017361 0.026235
1 0.013117 0.163580 0.013889 0.021605
1 0.074267 0.147119 0.016590 0.034979
1 0.128472 0.111368 0.019290 0.036523
1 0.254051 0.070473 0.020448 0.028807
1 0.257137 0.034722 0.021219 0.029321
1 0.315586 0.013632 0.031636 0.023148
1 0.305941 0.061728 0.024691 0.018519
1 0.337577 0.048611 0.020833 0.022119
1 0.461420 0.161008 0.017747 0.028807
1 0.549383 0.041152 0.027778 0.017490
1 0.552855 0.061214 0.023148 0.012346
1 0.553819 0.089763 0.032022 0.032407
1 0.618634 0.139146 0.020448 0.026235
1 0.717014 0.053241 0.018133 0.021091
1 0.732446 0.082562 0.018904 0.026235
1 0.804784 0.021862 0.023920 0.019033
1 0.864969 0.055813 0.016975 0.044753
1 0.924769 0.050926 0.020833 0.028807
1 0.854167 0.304012 0.023148 0.014403
1 0.829282 0.280350 0.025849 0.023663
1 0.764660 0.159722 0.013117 0.016975
1 0.727623 0.235597 0.013117 0.030864
1 0.748843 0.354167 0.016975 0.032407
1 0.770062 0.406636 0.021605 0.028292
1 0.738040 0.369084 0.010031 0.020062
1 0.771412 0.526235 0.023534 0.019547
1 0.765046 0.559928 0.023920 0.036523
1 0.735725 0.700874 0.020833 0.015947
1 0.737461 0.730710 0.026620 0.023148
1 0.750965 0.763117 0.022762 0.024177
1 0.702739 0.763889 0.023534 0.032922
1 0.786265 0.858539 0.022377 0.024691
1 0.988040 0.980453 0.016204 0.024691
1 0.941937 0.838992 0.012731 0.027778
1 0.560571 0.958333 0.020062 0.015432
1 0.526620 0.782665 0.014660 0.027263
1 0.543210 0.674383 0.009259 0.017490
1 0.515432 0.663837 0.012346 0.028292
1 0.532407 0.641975 0.012346 0.022634
1 0.519290 0.556584 0.020833 0.023663
1 0.499421 0.586420 0.021219 0.020576
1 0.599537 0.500772 0.019290 0.028292
1 0.590856 0.420525 0.015818 0.023148
1 0.658951 0.379372 0.030093 0.013889
1 0.669174 0.314558 0.020448 0.022119
1 0.667052 0.558642 0.014660 0.030864
1 0.652971 0.498971 0.014275 0.025720
1 0.584491 0.254115 0.029321 0.025720
1 0.516975 0.236368 0.012346 0.019033
1 0.503665 0.452675 0.018133 0.015432
1 0.493248 0.389918 0.022762 0.033951
1 0.407793 0.447531 0.022377 0.022634
1 0.366705 0.424897 0.016590 0.025720
1 0.377508 0.354424 0.015046 0.028807
1 0.372106 0.511831 0.022762 0.027778
1 0.406250 0.577160 0.025463 0.036008
1 0.385802 0.647377 0.018519 0.031379
1 0.402006 0.684156 0.023148 0.022634
1 0.427855 0.846193 0.013889 0.029835
1 0.446181 0.827932 0.032793 0.026235
1 0.375000 0.912037 0.026235 0.036008
1 0.380208 0.947531 0.027392 0.024691
1 0.294560 0.881173 0.032022 0.023663
1 0.230324 0.920525 0.021605 0.024177
1 0.240162 0.881173 0.025849 0.013374
1 0.240934 0.857767 0.028164 0.015947
1 0.083912 0.873714 0.016590 0.032407
1 0.076003 0.972737 0.036265 0.012346
1 0.355324 0.740226 0.022377 0.027778
1 0.325810 0.664352 0.027392 0.030350
1 0.315008 0.611883 0.018904 0.012860
1 0.297647 0.559671 0.029707 0.030864
1 0.224151 0.427469 0.023920 0.021605
1 0.092400 0.614712 0.026620 0.016461
1 0.019483 0.509774 0.021219 0.018519
1 0.101659 0.520833 0.018904 0.025206
1 0.163966 0.232767 0.027006 0.025206
1 0.157022 0.213992 0.032407 0.028807
1 0.141590 0.201646 0.018519 0.016461
1 0.075424 0.326389 0.018904 0.016975
1 0.516011 0.696245 0.021991 0.022119
1 0.918596 0.875514 0.036265 0.037037
1 0.900849 0.479681 0.027778 0.020062
0 0.981674 0.831019 0.008873 0.039609