1 0.123457 0.028035 0.026235 0.031379
1 0.257716 0.016461 0.012346 0.027778
1 0.360147 0.238940 0.026620 0.044753
1 0.355710 0.364969 0.023148 0.029321
1 0.317901 0.405093 0.017747 0.038580
1 0.220679 0.355710 0.023148 0.024177
1 0.204475 0.333848 0.023920 0.022634
1 0.153356 0.268776 0.018133 0.031379
1 0.006559 0.257716 0.007716 0.019547
1 0.168596 0.527778 0.022377 0.015432
1 0.091049 0.577675 0.034722 0.036008
1 0.168403 0.632716 0.033565 0.027778
1 0.273727 0.556584 0.039738 0.052469
1 0.269676 0.697274 0.023148 0.035494
1 0.113040 0.865484 0.025463 0.028292
1 0.041667 0.920010 0.037809 0.034465
1 0.297840 0.940586 0.027006 0.027263
1 0.426698 0.747942 0.017747 0.031893
1 0.530285 0.751286 0.013503 0.031379
1 0.540702 0.731739 0.020448 0.025206
1 0.539545 0.622171 0.011960 0.031379
1 0.546682 0.519290 0.018519 0.022119
1 0.447338 0.290123 0.029707 0.021605
1 0.551505 0.063529 0.013503 0.019033
1 0.674383 0.087449 0.017747 0.019547
1 0.683063 0.138374 0.015818 0.019547
1 0.687886 0.209877 0.016204 0.023663
1 0.778935 0.173354 0.023148 0.023663
1 0.918789 0.087963 0.007330 0.011317
1 0.935764 0.096708 0.024306 0.029835
1 0.897762 0.042438 0.020833 0.022119
1 0.963542 0.036008 0.018133 0.046296
1 0.994792 0.298868 0.005787 0.026749
1 0.982060 0.302726 0.014275 0.027263
1 0.927276 0.319187 0.021991 0.048868
1 0.974344 0.492798 0.018133 0.030864
1 0.950424 0.793981 0.000386 0.004630
1 0.949653 0.874486 0.017361 0.042181
1 0.951775 0.959362 0.030093 0.033951
1 0.987654 0.928755 0.016204 0.037551
1 0.865548 0.898148 0.018904 0.024691
1 0.787037 0.706019 0.020833 0.024177
1 0.812886 0.688272 0.020062 0.025720
1 0.743441 0.646348 0.025463 0.025206
1 0.689622 0.505658 0.015818 0.021605
1 0.636381 0.601595 0.021991 0.018004
1 0.658758 0.691358 0.031250 0.033951
1 0.655864 0.745628 0.019290 0.028292
1 0.647762 0.887603 0.004630 0.013889
1 0.624614 0.910237 0.014660 0.033436
1 0.636574 0.931842 0.018519 0.015947
1 0.518904 0.869342 0.015432 0.018519
1 0.584684 0.987912 0.016590 0.008745
1 0.023727 0.684156 0.012731 0.014403
1 0.128472 0.691101 0.022377 0.026235
1 0.449267 0.411008 0.029707 0.026749
1 0.497878 0.479681 0.019676 0.018004
1 0.431520 0.891975 0.015046 0.020576
0 0.118634 0.254115 0.019676 0.028807
0 0.114969 0.192901 0.027778 0.020576
0 0.307485 0.020576 0.029321 0.031893
0 0.286265 0.208333 0.027778 0.009259
0 0.283951 0.226852 0.025463 0.023663
0 0.389275 0.190586 0.034722 0.020062
0 0.496528 0.213477 0.031636 0.033951
0 0.683642 0.227366 0.028549 0.026749
0 0.748071 0.331790 0.020062 0.031893
0 0.830440 0.488940 0.018133 0.037551
0 0.801505 0.552469 0.022762 0.047325
0 0.694830 0.463477 0.032407 0.039095
0 0.526813 0.423868 0.023534 0.017490
0 0.505208 0.645062 0.024306 0.045267
0 0.563465 0.820473 0.018904 0.042181
0 0.588349 0.920525 0.021605 0.025206
0 0.675926 0.980453 0.034722 0.021605
0 0.759259 0.986111 0.020062 0.022634
0 0.745370 0.754630 0.020062 0.023663
0 0.694637 0.649177 0.023534 0.030864
0 0.958140 0.690844 0.021991 0.024691
0 0.953704 0.304527 0.027006 0.040123
0 0.189236 0.555556 0.020448 0.032922
0 0.092593 0.291152 0.021605 0.028807
0 0.017940 0.984568 0.026620 0.023663
1 0.949267 0.815072 0.021991 0.030350
1 0.923611 0.739969 0.019290 0.023148
1 0.960648 0.631944 0.015432 0.033436
1 0.931327 0.521348 0.020833 0.037551
1 0.865162 0.044496 0.015818 0.020062