0 0.009645 0.197274 0.013117 0.026235
0 0.313850 0.100309 0.028164 0.036008
0 0.415895 0.184156 0.030093 0.026749
0 0.391397 0.265947 0.019676 0.039095
0 0.425540 0.260545 0.021605 0.038580
0 0.447917 0.249743 0.026235 0.028292
0 0.723573 0.225309 0.020448 0.019547
0 0.731674 0.190844 0.035108 0.068930
0 0.788966 0.404321 0.029321 0.016461
0 0.780285 0.356481 0.030478 0.020576
0 0.882716 0.347222 0.017747 0.021605
0 0.875000 0.470679 0.031636 0.023663
0 0.834105 0.621142 0.017747 0.037551
0 0.822531 0.632459 0.018519 0.036523
0 0.802276 0.664352 0.018133 0.027263
0 0.734568 0.666667 0.017747 0.034979
0 0.656636 0.633745 0.036265 0.022634
0 0.686150 0.666924 0.025849 0.019033
0 0.684992 0.690586 0.012731 0.011831
0 0.694637 0.709105 0.022762 0.018004
0 0.671875 0.710134 0.026620 0.018004
0 0.665509 0.699331 0.025463 0.015947
0 0.616512 0.731739 0.020833 0.031379
0 0.701389 0.820730 0.019290 0.040638
0 0.700810 0.856996 0.015818 0.031893
0 0.636574 0.867284 0.016204 0.030864
0 0.645833 0.977881 0.024691 0.022634
0 0.483410 0.889660 0.023148 0.023148
0 0.338349 0.847222 0.013889 0.022634
0 0.346258 0.793210 0.017361 0.033951
0 0.253858 0.712706 0.020833 0.019033
0 0.203125 0.569187 0.014275 0.026235
0 0.165509 0.634774 0.024691 0.025720
0 0.052662 0.595679 0.021991 0.019547
0 0.482253 0.426183 0.020833 0.025206
0 0.517361 0.520833 0.029321 0.029321
0 0.646605 0.370885 0.020833 0.028807
0 0.931906 0.700874 0.020448 0.038580
0 0.930556 0.914095 0.026235 0.029835
0 0.996142 0.825103 0.000000 0.000000
1 0.184606 0.160494 0.028935 0.038066
1 0.177469 0.075360 0.027778 0.025206
1 0.184799 0.112654 0.016975 0.023663
1 0.097029 0.194444 0.020448 0.017490
1 0.009259 0.227109 0.010802 0.030350
1 0.019869 0.217850 0.021991 0.016975
1 0.055556 0.449074 0.016204 0.048354
1 0.055556 0.727366 0.024691 0.017490
1 0.018326 0.759774 0.023534 0.022634
1 0.057677 0.786008 0.026620 0.025720
1 0.031443 0.864455 0.019676 0.024177
1 0.055941 0.857510 0.021605 0.032922
1 0.238619 0.848251 0.028164 0.013374
1 0.231674 0.573045 0.016590 0.025720
1 0.301890 0.372428 0.025077 0.024691
1 0.431327 0.538323 0.027006 0.020062
1 0.507909 0.547582 0.017361 0.022119
1 0.542245 0.510288 0.020448 0.021605
1 0.609954 0.351337 0.020833 0.017490
1 0.616319 0.308385 0.013503 0.029321
1 0.508102 0.067130 0.023920 0.030350
1 0.599344 0.039609 0.038194 0.034979
1 0.692515 0.137603 0.024691 0.027263
1 0.803241 0.182099 0.021605 0.034979
1 0.919560 0.043981 0.018133 0.024177
1 0.891590 0.088992 0.027006 0.033951
1 0.893519 0.230710 0.015432 0.019033
1 0.912230 0.316872 0.021991 0.020576
1 0.907793 0.345936 0.019290 0.011831
1 0.905671 0.360854 0.029707 0.018004
1 0.973765 0.394290 0.009259 0.031379
1 0.982060 0.349280 0.014275 0.024691
1 0.936921 0.424126 0.018904 0.019033
1 0.926119 0.441101 0.015818 0.022119
1 0.886767 0.429012 0.018904 0.022634
1 0.853395 0.386831 0.015432 0.016461
1 0.830826 0.402521 0.020448 0.023148
1 0.819830 0.343364 0.016975 0.019033
1 0.789545 0.314300 0.017361 0.016461
1 0.758102 0.651235 0.016204 0.040123
1 0.774884 0.703447 0.025849 0.018004
1 0.775656 0.727881 0.019676 0.021605
1 0.856481 0.652263 0.019290 0.023663
1 0.863040 0.694444 0.023920 0.022634
1 0.902006 0.641204 0.022377 0.019033
1 0.926505 0.550926 0.024306 0.022634
1 0.943866 0.641975 0.015046 0.028807
1 0.948110 0.719136 0.008102 0.005144
1 0.955054 0.727366 0.034336 0.018519
1 0.769869 0.906636 0.020448 0.018004
1 0.765046 0.923354 0.022377 0.025720
1 0.707562 0.966307 0.027006 0.016975
1 0.704668 0.897377 0.021219 0.020062
1 0.603202 0.826646 0.032793 0.028807
1 0.636574 0.702418 0.013889 0.029321
1 0.597415 0.690844 0.020448 0.024691
1 0.399113 0.823045 0.020448 0.020576
1 0.327932 0.871656 0.019290 0.027263
1 0.291474 0.908179 0.033565 0.031379